481
1 3 10
1 9 10
1 89 0
1 90 3
1 5 6
1 50 8
1 65 4
1 203 5
1 987 10
2 3 10
2 9 10
2 89 0
2 4 10
2 90 2
3 3 0
3 9 0
3 89 10
3 68 10
3 703 9
1 2 5
2 5 5
1 3 10
1 9 10
1 89 0
1 90 3
1 5 6
1 50 8
1 65 4
1 203 5
1 987 10
2 3 10
2 9 10
2 89 0
2 4 10
2 90 2
3 3 0
3 9 0
3 89 10
3 68 10
3 703 9
1 3 10
1 9 10
1 89 0
1 90 3
1 5 6
1 50 8
1 65 4
1 203 5
1 987 10
2 3 10
2 9 10
2 89 0
2 4 10
2 90 2
3 3 0
3 9 0
3 89 10
3 68 10
3 703 9
1 3 10
1 9 10
1 89 0
1 90 3
1 5 6
1 50 8
1 65 4
1 203 5
1 987 10
2 3 10
2 9 10
2 89 0
2 4 10
2 90 2
3 3 0
3 9 0
3 89 10
3 68 10
3 703 9
1 3 10
1 9 10
1 89 0
1 90 3
1 5 6
1 50 8
1 65 4
1 203 5
1 987 10
2 3 10
2 9 10
2 89 0
2 4 10
2 90 2
3 3 0
3 9 0
3 89 10
3 68 10
3 703 9
1 3 10
1 9 10
1 89 0
1 90 3
1 5 6
1 50 8
1 65 4
1 203 5
1 987 10
2 3 10
2 9 10
2 89 0
2 4 10
2 90 2
3 3 0
3 9 0
3 89 10
3 68 10
3 703 9
1 3 10
1 9 10
1 89 0
1 90 3
1 5 6
1 50 8
1 65 4
1 203 5
1 987 10
2 3 10
2 9 10
2 89 0
2 4 10
2 90 2
3 3 0
3 9 0
3 89 10
3 68 10
3 703 9
1 632 8
1 3 10
1 9 10
1 89 0
1 90 3
1 5 6
1 50 8
1 65 4
1 203 5
1 987 10
2 3 10
2 9 10
2 89 0
2 4 10
2 90 2
3 3 0
3 9 0
3 89 10
3 68 10
3 703 9
1 3 10
1 9 10
1 89 0
1 90 3
1 5 6
1 50 8
1 65 4
1 203 5
1 987 10
2 3 10
2 9 10
2 89 0
2 4 10
2 90 2
3 3 0
3 9 0
3 89 10
3 68 10
3 703 9
1 3 10
1 9 10
1 89 0
1 90 3
1 5 6
1 50 8
1 65 4
1 203 5
1 987 10
2 3 10
2 9 10
2 89 0
2 4 10
2 90 2
3 3 0
3 9 0
3 89 10
3 68 10
3 703 9
1 3 10
1 9 10
1 89 0
1 90 3
1 5 6
1 50 8
1 65 4
1 203 5
1 987 10
2 3 10
2 9 10
2 89 0
2 4 10
2 90 2
3 3 0
3 9 0
3 89 10
3 68 10
3 703 9
1 3 10
1 9 10
1 89 0
1 90 3
1 5 6
1 50 8
1 65 4
1 203 5
1 987 10
2 3 10
2 9 10
2 89 0
2 4 10
2 90 2
3 3 0
3 9 0
3 89 10
3 68 10
3 703 9
1 3 10
1 9 10
1 89 0
1 90 3
1 5 6
1 50 8
1 65 4
1 203 5
1 987 10
2 3 10
2 9 10
2 89 0
2 4 10
2 90 2
3 3 0
3 9 0
3 89 10
3 68 10
3 703 9
1 632 8
1 3 10
1 9 10
1 89 0
1 90 3
1 5 6
1 50 8
1 65 4
1 203 5
1 987 10
2 3 10
2 9 10
2 89 0
2 4 10
2 90 2
3 3 0
3 9 0
3 89 10
3 68 10
3 703 9
1 3 10
1 9 10
1 89 0
1 90 3
1 5 6
1 50 8
1 65 4
1 203 5
1 987 10
2 3 10
2 9 10
2 89 0
2 4 10
2 90 2
3 3 0
3 9 0
3 89 10
3 68 10
3 703 9
1 3 10
1 9 10
1 89 0
1 90 3
1 5 6
1 50 8
1 65 4
1 203 5
1 987 10
2 3 10
2 9 10
2 89 0
2 4 10
2 90 2
3 3 0
3 9 0
3 89 10
3 68 10
3 703 9
1 3 10
1 9 10
1 89 0
1 90 3
1 5 6
1 50 8
1 65 4
1 203 5
1 987 10
2 3 10
2 9 10
2 89 0
2 4 10
2 90 2
3 3 0
3 9 0
3 89 10
3 68 10
3 703 9
1 3 10
1 9 10
1 89 0
1 90 3
1 5 6
1 50 8
1 65 4
1 203 5
1 987 10
2 3 10
2 9 10
2 89 0
2 4 10
2 90 2
3 3 0
3 9 0
3 89 10
3 68 10
3 703 9
1 3 10
1 9 10
1 89 0
1 90 3
1 5 6
1 50 8
1 65 4
1 203 5
1 987 10
2 3 10
2 9 10
2 89 0
2 4 10
2 90 2
3 3 0
3 9 0
3 89 10
3 68 10
3 703 9
1 7 7
1 3 10
1 9 10
1 89 0
1 90 3
1 5 6
1 50 8
1 65 4
1 203 5
1 987 10
2 3 10
2 9 10
2 89 0
2 4 10
2 90 2
3 3 0
3 9 0
3 89 10
3 68 10
3 703 9
1 3 10
1 9 10
1 89 0
1 90 3
1 5 6
1 50 8
1 65 4
1 203 5
1 987 10
2 3 10
2 9 10
2 89 0
2 4 10
2 90 2
3 3 0
3 9 0
3 89 10
3 68 10
3 703 9
1 3 10
1 9 10
1 89 0
1 90 3
1 5 6
1 50 8
1 65 4
1 203 5
1 987 10
2 3 10
2 9 10
2 89 0
2 4 10
2 90 2
3 3 0
3 9 0
3 89 10
3 68 10
3 703 9
1 3 10
1 9 10
1 89 0
1 90 3
1 5 6
1 50 8
1 65 4
1 203 5
1 987 10
2 3 10
2 9 10
2 89 0
2 4 10
2 90 2
3 3 0
3 9 0
3 89 10
3 68 10
3 703 9
1 3 10
1 9 10
1 89 0
1 90 3
1 5 6
1 50 8
1 65 4
1 203 5
1 987 10
2 3 10
2 9 10
2 89 0
2 4 10
2 90 2
3 3 0
3 9 0
3 89 10
3 68 10
3 703 9
1 3 10
1 9 10
1 89 0
1 90 3
1 5 6
1 50 8
1 65 4
1 203 5
1 987 10
2 3 10
2 9 10
2 89 0
2 4 10
2 90 2
3 3 0
3 9 0
3 89 10
3 68 10
3 703 9
1 7 7
